@0 	
3c069fc0 	
24c60014 	
00c00008 	
40804800 	
00000000 	
@5 	
40116000 	
7e3104c0 	
12200002 	
00000000 	
7000003f 	
@A 	
3c069fc0 	
24c60288 	
00c0f809 	
00000000 	
3c069fc0 	
24c60308 	
00c0f809 	
00000000 	
3c069fc0 	
24c600a8 	
00c0f809 	
00000000 	
3c069fc0 	
24c60160 	
2405000f 	
7ca6ef44 	
00c0f809 	
00000000 	
3c069fc0 	
24c60100 	
00c0f809 	
00000000 	
3c1f9fc0 	
27ff00a0 	
00002021 	
3c028000 	
24420324 	
4082f000 	
000000c0 	
42000018 	
@28 	
1000ffff 	
00000000 	
@2A 	
40028001 	
7c4314c0 	
10600011 	
00000000 	
24060002 	
00661804 	
7c441580 	
24060040 	
00862004 	
7c451400 	
20a50001 	
70852002 	
3c068000 	
4080e000 	
4080e800 	
00803821 	
@3A 	
bcc80000 	
20e7ffff 	
14e0fffd 	
00c33020 	
@3E 	
03e00008 	
00000000 	
@40 	
40028001 	
7c431280 	
10600013 	
00000000 	
24060002 	
00661804 	
7c441340 	
24060040 	
00862004 	
7c4511c0 	
20a50001 	
70852002 	
3c068000 	
4080e000 	
4080e800 	
4080e002 	
4080e802 	
00803821 	
@52 	
bcc90000 	
20e7ffff 	
14e0fffd 	
00c33020 	
@56 	
03e00008 	
00000000 	
@58 	
40028000 	
24030003 	
7c621004 	
40828000 	
03e00408 	
00000000 	
00000000 	
00000000 	
00000000 	
00000000 	
00000000 	
00000000 	
00000000 	
00000000 	
00000000 	
00000000 	
00000000 	
00000000 	
00000000 	
00000000 	
00000000 	
00000000 	
00000000 	
00000000 	
00000000 	
00000000 	
00000000 	
00000000 	
00000000 	
00000000 	
00000000 	
00000000 	
00000000 	
00000000 	
00000000 	
00000000 	
00000000 	
00000000 	
00000000 	
00000000 	
7000003f 	
00000000 	
00000000 	
00000000 	
00000000 	
00000000 	
00000000 	
00000000 	
00000000 	
00000000 	
00000000 	
00000000 	
00000000 	
00000000 	
00000000 	
00000000 	
00000000 	
00000000 	
00000000 	
00000000 	
00000000 	
00000000 	
00000000 	
00000000 	
00000000 	
00000000 	
00000000 	
00000000 	
00000000 	
00000000 	
00000000 	
00000000 	
7000003f 	
00000000 	
@A2 	
3c030040 	
34630404 	
40836000 	
40028001 	
7c4300c0 	
10600011 	
24030007 	
40839800 	
40809000 	
40839801 	
40809001 	
40839802 	
40809002 	
40839803 	
40809003 	
40839804 	
40809004 	
40839805 	
40809005 	
40839806 	
40809006 	
40839807 	
40809007 	
@B9 	
40806800 	
40805800 	
03e00008 	
00000000 	
00000000 	
00000000 	
00000000 	
7000003f 	
00000000 	
@C2 	
40038000 	
7c6311c0 	
24070001 	
1467000f 	
40028001 	
00000000 	
@C8 	
7c432e40 	
40801000 	
40801800 	
40802800 	
40803000 	
3c048000 	
@CE 	
40830000 	
40845000 	
000000c0 	
42000002 	
20844000 	
1460fffa 	
2063ffff 	
@D5 	
03e00008 	
00000000 	
00000000 	
00000000 	
00000000 	
00000000 	
00000000 	
00000000 	
00000000 	
00000000 	
00000000 	
3c1abf80 	
241b5555 	
af5b0000 	
42000018 	
00000000 	
00000000 	
00000000 	
00000000 	
00000000 	
00000000 	
00000000 	
00000000 	
00000000 	
00000000 	
00000000 	
00000000 	
00000000 	
00000000 	
00000000 	
00000000 	
00000000 	
00000000 	
00000000 	
00000000 	
00000000 	
00000000 	
00000000 	
00000000 	
00000000 	
00000000 	
00000000 	
00000000 	
00000000 	
00000000 	
00000000 	
00000000 	
00000000 	
00000000 	
00000000 	
00000000 	
00000000 	
00000000 	
00000000 	
00000000 	
00000000 	
00000000 	
00000000 	
00000000 	
00000000 	
00000000 	
00000000 	
00000000 	
00000000 	
00000000 	
00000000 	
00000000 	
00000000 	
00000000 	
00000000 	
00000000 	
00000000 	
00000000 	
00000000 	
00000000 	
3c18bf80 	
4084f800 	
4004c000 	
af040000 	
4004f800 	
1000ffff 	
00000000 	
00000000 	
